
Run times:
DSaturAlgorithms with average time in micro sec (tab separated)
Graph Density	NumberOfNodes	DSatur Basic(μs)	DSatur PriorityQ(μs)	DSatur Basic Colors Used	DSatur PriQueue Colors Used	Average edges	
0.75	10	802.935	142.507	6	5	34.0	
0.75	20	495.025	700.298	8	8	137.0	
0.75	30	916.231	1163.349	14	11	348.0	
0.75	40	504.894	575.95	15	13	574.0	
0.75	50	1058.343	1485.47	20	17	953.0	
0.75	60	704.246	904.783	23	19	1334.0	
0.75	70	1030.71	1358.753	26	21	1828.0	
0.75	80	1428.23	2307.748	29	22	2393.0	
0.75	90	1411.65	2769.22	30	26	2976.0	
0.75	100	1769.301	3315.168	31	28	3680.0	
0.5	10	38.291	32.765	4	4	23.0	
0.5	20	279.488	109.348	7	6	93.0	
0.5	30	208.432	331.596	7	7	209.0	
0.5	40	238.038	449.233	10	9	383.0	
0.5	50	347.781	478.051	12	11	619.0	
0.5	60	300.805	224.617	14	13	873.0	
0.5	70	444.891	257.381	15	14	1215.0	
0.5	80	551.87	333.569	17	16	1618.0	
0.5	90	1153.874	714.51	19	17	2000.0	
0.5	100	1371.78	957.285	21	20	2505.0	
0.25	10	28.818	7.106	3	3	9.0	
0.25	20	47.765	20.133	3	3	38.0	
0.25	30	87.636	44.608	5	5	106.0	
0.25	40	142.113	76.188	5	6	188.0	
0.25	50	212.774	124.349	7	6	298.0	
0.25	60	318.569	193.431	8	7	474.0	
0.25	70	448.049	251.46	10	9	616.0	
0.25	80	487.13	329.227	11	10	809.0	
0.25	90	490.288	379.361	10	10	953.0	
0.25	100	517.132	495.814	12	11	1254.0	

